<CoordinateSystem> { Z-Up }

<Comment> {
  "maya2egg2012 -p -a model -pd 'C:/Users/Rami Ahmed Bock/Desktop' -cs z-up -uo cm -trans all -o 'C:/Users/Rami Ahmed Bock/Desktop/player-model.egg' 'C:/Users/Rami Ahmed Bock/Desktop/player_rig_temp.mb'"
}
<Group> player_rig_temp {
  <Dart> { 1 }
  <Group> groundPlane_transform {
  }
  <Joint> spaceFarmer {
    <Joint> Main {
      <Joint> FitSkeleton {
        <Scalar> visibility { hidden }
        <Joint> FitSkeletonOffset {
          <Joint> Root {
            <Transform> {
              <Matrix4> {
                0 0 1 0
                0 -1 0 0
                1 0 0 0
                0 0.157435 3.40002 1
              }
            }
            <Joint> BackA {
              <Transform> {
                <Matrix4> {
                  1 0 0 0
                  0 1 0 0
                  0 0 1 0
                  0.790664 0 0 1
                }
              }
              <Joint> BackB {
                <Transform> {
                  <Matrix4> {
                    1 0 0 0
                    0 1 0 0
                    0 0 1 0
                    0.790664 0 0 1
                  }
                }
                <Joint> Chest {
                  <Transform> {
                    <Matrix4> {
                      1 0 0 0
                      0 1 0 0
                      0 0 1 0
                      0.688455 0 0 1
                    }
                  }
                  <Joint> Scapula {
                    <Transform> {
                      <Matrix4> {
                        -0.690294 8.25943e-009 -0.723529 0
                        0.723529 2.60374e-008 -0.690294 0
                        1.31373e-008 -1 -2.39494e-008 0
                        0.425191 0 -0.815346 1
                      }
                    }
                    <Joint> Shoulder {
                      <Transform> {
                        <Matrix4> {
                          0.999503 0.00287973 0.0313977 0
                          -0.00126671 0.998684 -0.0512732 0
                          -0.031504 0.0512079 0.998191 0
                          0.709471 1.37146e-009 0 1
                        }
                      }
                      <Joint> Elbow {
                        <Transform> {
                          <Matrix4> {
                            0.988363 0 -0.152111 0
                            0 1 0 0
                            0.152111 0 0.988363 0
                            0.962059 0 0 1
                          }
                        }
                        <Joint> Elbow_twistLocator1 {
                          <Transform> {
                            <Matrix4> {
                              1 0 0 0
                              0 1 0 0
                              0 0 1 0
                              0.222815 0 0 1
                            }
                            <Translate> { 1.66871 -4.71371 -0.194471 }
                          }
                          <Scalar> visibility { hidden }
                        }
                        <Joint> Elbow_twistLocator2 {
                          <Transform> {
                            <Matrix4> {
                              1 0 0 0
                              0 1 0 0
                              0 0 1 0
                              0.445631 0 0 1
                            }
                            <Translate> { 1.45703 -4.71371 -0.194471 }
                          }
                          <Scalar> visibility { hidden }
                        }
                        <Joint> Elbow_twistLocator3 {
                          <Transform> {
                            <Matrix4> {
                              1 0 0 0
                              0 1 0 0
                              0 0 1 0
                              0.668446 0 0 1
                            }
                            <Translate> { 1.24536 -4.71371 -0.194471 }
                          }
                          <Scalar> visibility { hidden }
                        }
                        <Joint> Elbow_twistLocator4 {
                          <Transform> {
                            <Matrix4> {
                              1 0 0 0
                              0 1 0 0
                              0 0 1 0
                              0.891262 0 0 1
                            }
                            <Translate> { 1.03368 -4.71371 -0.194471 }
                          }
                          <Scalar> visibility { hidden }
                        }
                        <Joint> Elbow_twistLocator5 {
                          <Transform> {
                            <Matrix4> {
                              1 0 0 0
                              0 1 0 0
                              0 0 1 0
                              1.11408 0 0 1
                            }
                            <Translate> { 0.822007 -4.71371 -0.194471 }
                          }
                          <Scalar> visibility { hidden }
                        }
                        <Joint> Elbow_twistLocator6 {
                          <Transform> {
                            <Matrix4> {
                              1 0 0 0
                              0 1 0 0
                              0 0 1 0
                              1.33689 0 0 1
                            }
                            <Translate> { 0.610332 -4.71371 -0.194471 }
                          }
                          <Scalar> visibility { hidden }
                        }
                        <Joint> Elbow_twistLocator7 {
                          <Transform> {
                            <Matrix4> {
                              1 0 0 0
                              0 1 0 0
                              0 0 1 0
                              1.55971 0 0 1
                            }
                            <Translate> { 0.398658 -4.71371 -0.194471 }
                          }
                          <Scalar> visibility { hidden }
                        }
                        <Joint> Elbow_twistLocator8 {
                          <Transform> {
                            <Matrix4> {
                              1 0 0 0
                              0 1 0 0
                              0 0 1 0
                              1.78252 0 0 1
                            }
                            <Translate> { 0.186983 -4.71371 -0.194471 }
                          }
                          <Scalar> visibility { hidden }
                        }
                        <Joint> Elbow_twistLocator9 {
                          <Transform> {
                            <Matrix4> {
                              1 0 0 0
                              0 1 0 0
                              0 0 1 0
                              2.00534 0 0 1
                            }
                            <Translate> { -0.0246915 -4.71371 -0.194471 }
                          }
                          <Scalar> visibility { hidden }
                        }
                        <Joint> Elbow_twistLocator10 {
                          <Transform> {
                            <Matrix4> {
                              1 0 0 0
                              0 1 0 0
                              0 0 1 0
                              2.22815 0 0 1
                            }
                            <Translate> { -0.236366 -4.71371 -0.194471 }
                          }
                          <Scalar> visibility { hidden }
                        }
                        <Joint> Wrist {
                          <Transform> {
                            <Matrix4> {
                              0.994169 -0.00509859 0.107715 0
                              -0.000462068 0.998671 0.0515361 0
                              -0.107834 -0.0512854 0.992845 0
                              1.11408 0 0 1
                            }
                          }
                          <Joint> Cup {
                            <Transform> {
                              <Matrix4> {
                                0.995554 -0.00734908 0.0939081 0
                                0.00736882 0.999973 0.000136543 0
                                -0.0939066 0.000556057 0.995581 0
                                0.149786 0 0 1
                              }
                            }
                          }
                        }
                      }
                    }
                  }
                  <Joint> Neck {
                    <Transform> {
                      <Matrix4> {
                        1 0 0 0
                        0 1 0 0
                        0 0 1 0
                        0.499933 0 0 1
                      }
                    }
                    <Joint> Head {
                      <Transform> {
                        <Matrix4> {
                          1 0 0 0
                          0 1 0 0
                          0 0 1 0
                          0.782706 0 0 1
                        }
                      }
                      <Joint> Hair {
                        <Transform> {
                          <Matrix4> {
                            1 0 0 0
                            0 1 0 0
                            0 0 1 0
                            0.871857 0 0 1
                          }
                        }
                      }
                      <Joint> Nose {
                        <Transform> {
                          <Matrix4> {
                            1 0 0 0
                            0 1 0 0
                            0 0 1 0
                            0 1 0 1
                          }
                        }
                      }
                    }
                  }
                }
              }
            }
            <Joint> Hip {
              <Transform> {
                <Matrix4> {
                  -0.999855 0.017005 0 0
                  -0.017005 -0.999855 0 0
                  0 0 1 0
                  -0.566686 0.18158 -0.691062 1
                }
              }
              <Joint> Knee {
                <Transform> {
                  <Matrix4> {
                    0.994544 0.104313 0 0
                    -0.104313 0.994544 0 0
                    0 0 1 0
                    1.0972 0 0 1
                  }
                }
                <Joint> Ankle {
                  <Transform> {
                    <Matrix4> {
                      -0.0873862 -0.996175 0 0
                      0.0187756 -0.00164703 -0.999822 0
                      0.995998 -0.0873707 0.0188477 0
                      1.18045 0 0 1
                    }
                  }
                  <Joint> MiddleToe1 {
                    <Transform> {
                      <Matrix4> {
                        0.919907 0.00739182 0.392066 0
                        -0.392136 0.0173391 0.919744 0
                        4.89013e-007 -0.999822 0.018849 0
                        0.318249 0.00384258 0.203839 1
                      }
                    }
                    <Joint> MiddleToe2 {
                      <Transform> {
                        <Matrix4> {
                          1 0 0 0
                          0 1 0 0
                          0 0 1 0
                          0.584037 0 0 1
                        }
                      }
                    }
                  }
                  <Joint> Heel {
                    <Transform> {
                      <Matrix4> {
                        -6.29171e-006 -0.0188477 0.999822 0
                        -1 0.000333818 0 0
                        -0.000333759 -0.999822 -0.0188477 0
                        -0.424407 0.00816136 0.432939 1
                      }
                    }
                  }
                }
              }
            }
          }
        }
      }
      <Joint> MotionSystem {
        <Group> BendSystem {
        }
        <Group> WagSystem {
        }
        <Group> AimSystem {
        }
        <Group> GlobalSystem {
        }
        <Group> DynamicSystem {
        }
        <Joint> FKSystem {
          <Joint> FKParentConstraintToAnkle_R {
            <Transform> {
              <Matrix4> {
                -5.70315e-009 -1 3.56533e-007 0
                -0.999822 -1.01772e-009 -0.0188478 0
                0.0188478 -3.56577e-007 -0.999822 0
                -0.691062 0.0603524 0.560364 1
              }
            }
            <Group> FKParentConstraintToAnkle_R_parentConstraint1 {
            }
            <Joint> FKOffsetMiddleToe1_R {
              <Transform> {
                <Matrix4> {
                  0.919907 0.00739176 0.392067 0
                  -0.392136 0.0173391 0.919744 0
                  4.45987e-007 -0.999822 0.0188489 0
                  0.318249 0.00384258 0.203839 1
                }
              }
              <Joint> FKExtraMiddleToe1_R {
                <Joint> FKMiddleToe1_R {
                  <Joint> FKXMiddleToe1_R {
                    <Joint> FKXMiddleToe2_R {
                      <Transform> {
                        <Matrix4> {
                          1 0 0 0
                          0 1 0 0
                          0 0 1 0
                          0.584037 3.03524e-012 0 1
                        }
                      }
                    }
                  }
                }
              }
            }
          }
          <Joint> FKParentConstraintToChest_M {
            <Transform> {
              <Matrix4> {
                0 0 1 0
                0 -1 0 0
                1 0 0 0
                0 0.157435 5.66981 1
              }
            }
            <Group> FKParentConstraintToChest_M_parentConstraint1 {
            }
            <Joint> FKOffsetScapula_R {
              <Transform> {
                <Matrix4> {
                  -0.690294 2.2828e-008 -0.723529 0
                  0.723529 7.1964e-008 -0.690294 0
                  3.631e-008 -1 -6.6193e-008 0
                  0.425191 0 -0.815346 1
                }
              }
              <Joint> FKExtraScapula_R {
                <Joint> FKScapula_R {
                  <Joint> FKXScapula_R {
                    <Joint> FKOffsetShoulder_R {
                      <Transform> {
                        <Matrix4> {
                          0.999503 0.00287973 0.0313977 0
                          -0.00126671 0.998684 -0.0512732 0
                          -0.031504 0.0512079 0.998191 0
                          0.709471 2.22072e-009 0 1
                        }
                      }
                      <Scalar> visibility { hidden }
                      <Joint> FKExtraShoulder_R {
                        <Joint> FKShoulder_R {
                          <Joint> FKXShoulder_R {
                            <Joint> FKOffsetElbow_R {
                              <Transform> {
                                <Matrix4> {
                                  0.988363 0 -0.152111 0
                                  0 1 0 0
                                  0.152111 0 0.988363 0
                                  0.962059 0 0 1
                                }
                              }
                              <Joint> FKExtraElbow_R {
                                <Joint> FKElbow_R {
                                  <Joint> FKXElbow_R {
                                    <Joint> FKOffsetWrist_R {
                                      <Transform> {
                                        <Matrix4> {
                                          0.994169 -0.00509859 0.107715 0
                                          -0.000462068 0.998671 0.0515361 0
                                          -0.107834 -0.0512854 0.992845 0
                                          1.11408 0 0 1
                                        }
                                      }
                                      <Joint> FKExtraWrist_R {
                                        <Joint> FKWrist_R {
                                          <Joint> FKXWrist_R {
                                            <Group> AlignIKToWrist_R {
                                            }
                                            <Joint> FKXCup_R {
                                              <Transform> {
                                                <Matrix4> {
                                                  0.995554 -0.00734908 0.0939081 0
                                                  0.00736882 0.999973 0.000136543 0
                                                  -0.0939066 0.000556057 0.995581 0
                                                  0.149786 0 0 1
                                                }
                                              }
                                            }
                                          }
                                        }
                                      }
                                    }
                                  }
                                }
                              }
                            }
                          }
                        }
                      }
                    }
                  }
                }
              }
            }
            <Joint> FKOffsetNeck_M {
              <Transform> {
                <Matrix4> {
                  1 0 0 0
                  0 1 0 0
                  0 0 1 0
                  0.499933 0 0 1
                }
              }
              <Joint> FKExtraNeck_M {
                <Joint> FKNeck_M {
                  <Joint> FKXNeck_M {
                    <Joint> FKOffsetHead_M {
                      <Transform> {
                        <Matrix4> {
                          1 0 0 0
                          0 1 0 0
                          0 0 1 0
                          0.782706 0 0 1
                        }
                      }
                      <Joint> FKExtraHead_M {
                        <Joint> FKHead_M {
                          <Joint> FKXHead_M {
                            <Joint> FKXHair_M {
                              <Transform> {
                                <Matrix4> {
                                  1 0 0 0
                                  0 1 0 0
                                  0 0 1 0
                                  0.871857 0 0 1
                                }
                              }
                            }
                            <Joint> FKXNose_M {
                              <Transform> {
                                <Matrix4> {
                                  1 0 0 0
                                  0 1 0 0
                                  0 0 1 0
                                  0 1 0 1
                                }
                              }
                            }
                          }
                        }
                      }
                    }
                  }
                }
              }
            }
            <Joint> FKOffsetScapula_L {
              <Transform> {
                <Matrix4> {
                  0.690294 -2.2828e-008 -0.723529 0
                  -0.723529 -7.1964e-008 -0.690294 0
                  -3.631e-008 1 -6.6193e-008 0
                  0.425191 0 0.815346 1
                }
              }
              <Joint> FKExtraScapula_L {
                <Joint> FKScapula_L {
                  <Joint> FKXScapula_L {
                    <Joint> FKOffsetShoulder_L {
                      <Transform> {
                        <Matrix4> {
                          0.999503 0.00287973 0.0313977 0
                          -0.00126671 0.998684 -0.0512732 0
                          -0.031504 0.0512079 0.998191 0
                          -0.709471 7.5315e-009 0 1
                        }
                      }
                      <Scalar> visibility { hidden }
                      <Joint> FKExtraShoulder_L {
                        <Joint> FKShoulder_L {
                          <Joint> FKXShoulder_L {
                            <Joint> FKOffsetElbow_L {
                              <Transform> {
                                <Matrix4> {
                                  0.988363 0 -0.152111 0
                                  0 1 0 0
                                  0.152111 0 0.988363 0
                                  -0.962059 0 0 1
                                }
                              }
                              <Joint> FKExtraElbow_L {
                                <Joint> FKElbow_L {
                                  <Joint> FKXElbow_L {
                                    <Joint> FKOffsetWrist_L {
                                      <Transform> {
                                        <Matrix4> {
                                          0.994169 -0.00509859 0.107715 0
                                          -0.000462068 0.998671 0.0515361 0
                                          -0.107834 -0.0512854 0.992845 0
                                          -1.11408 0 0 1
                                        }
                                      }
                                      <Joint> FKExtraWrist_L {
                                        <Joint> FKWrist_L {
                                          <Joint> FKXWrist_L {
                                            <Group> AlignIKToWrist_L {
                                            }
                                            <Joint> FKXCup_L {
                                              <Transform> {
                                                <Matrix4> {
                                                  0.995554 -0.00734908 0.0939081 0
                                                  0.00736882 0.999973 0.000136543 0
                                                  -0.0939066 0.000556057 0.995581 0
                                                  -0.149786 0 0 1
                                                }
                                              }
                                            }
                                          }
                                        }
                                      }
                                    }
                                  }
                                }
                              }
                            }
                          }
                        }
                      }
                    }
                  }
                }
              }
            }
          }
          <Joint> FKParentConstraintToRoot_M {
            <Transform> {
              <Matrix4> {
                0 0 1 0
                0 -1 0 0
                1 0 0 0
                0 0.157435 3.40002 1
              }
            }
            <Group> FKParentConstraintToRoot_M_parentConstraint1 {
            }
            <Joint> FKOffsetHip_R {
              <Transform> {
                <Matrix4> {
                  -0.999855 0.017005 0 0
                  -0.017005 -0.999855 0 0
                  0 0 1 0
                  -0.566686 0.18158 -0.691062 1
                }
              }
              <Scalar> visibility { hidden }
              <Joint> FKExtraHip_R {
                <Joint> FKHip_R {
                  <Joint> FKXHip_R {
                    <Joint> FKOffsetKnee_R {
                      <Transform> {
                        <Matrix4> {
                          0.994544 0.104313 0 0
                          -0.104313 0.994544 0 0
                          0 0 1 0
                          1.0972 0 0 1
                        }
                      }
                      <Joint> FKExtraKnee_R {
                        <Joint> FKKnee_R {
                          <Joint> FKXKnee_R {
                            <Joint> FKOffsetAnkle_R {
                              <Transform> {
                                <Matrix4> {
                                  -0.0873862 -0.996175 0 0
                                  0.0187757 -0.00164704 -0.999822 0
                                  0.995998 -0.0873707 0.0188478 0
                                  1.18045 0 0 1
                                }
                              }
                              <Joint> FKExtraAnkle_R {
                                <Joint> FKAnkle_R {
                                  <Joint> FKXAnkle_R {
                                    <Group> AlignIKToAnkle_R {
                                    }
                                    <Joint> FKXHeel_R {
                                      <Transform> {
                                        <Matrix4> {
                                          -6.29171e-006 -0.0188477 0.999822 0
                                          -1 0.000333818 0 0
                                          -0.000333759 -0.999822 -0.0188477 0
                                          -0.424407 0.00816136 0.432939 1
                                        }
                                      }
                                    }
                                  }
                                }
                              }
                            }
                          }
                        }
                      }
                    }
                  }
                }
              }
            }
            <Joint> FKOffsetHip_L {
              <Transform> {
                <Matrix4> {
                  0.999855 -0.017005 0 0
                  0.017005 0.999855 0 0
                  0 0 1 0
                  -0.566686 0.18158 0.691062 1
                }
              }
              <Scalar> visibility { hidden }
              <Joint> FKExtraHip_L {
                <Joint> FKHip_L {
                  <Joint> FKXHip_L {
                    <Joint> FKOffsetKnee_L {
                      <Transform> {
                        <Matrix4> {
                          0.994544 0.104313 0 0
                          -0.104313 0.994544 0 0
                          0 0 1 0
                          -1.0972 0 0 1
                        }
                      }
                      <Joint> FKExtraKnee_L {
                        <Joint> FKKnee_L {
                          <Joint> FKXKnee_L {
                            <Joint> FKOffsetAnkle_L {
                              <Transform> {
                                <Matrix4> {
                                  -0.0873862 -0.996175 0 0
                                  0.0187757 -0.00164704 -0.999822 0
                                  0.995998 -0.0873707 0.0188478 0
                                  -1.18045 0 0 1
                                }
                              }
                              <Joint> FKExtraAnkle_L {
                                <Joint> FKAnkle_L {
                                  <Joint> FKXAnkle_L {
                                    <Group> AlignIKToAnkle_L {
                                    }
                                    <Joint> FKXHeel_L {
                                      <Transform> {
                                        <Matrix4> {
                                          -6.29171e-006 -0.0188477 0.999822 0
                                          -1 0.000333818 0 0
                                          -0.000333759 -0.999822 -0.0188477 0
                                          0.424407 -0.00816136 -0.432939 1
                                        }
                                      }
                                    }
                                  }
                                }
                              }
                            }
                          }
                        }
                      }
                    }
                  }
                }
              }
            }
          }
          <Joint> FKParentConstraintToAnkle_L {
            <Transform> {
              <Matrix4> {
                -9.57598e-009 1 -3.56533e-007 0
                -0.999822 -2.85441e-009 0.0188478 0
                0.0188478 3.5665e-007 0.999822 0
                0.691062 0.0603524 0.560364 1
              }
            }
            <Group> FKParentConstraintToAnkle_L_parentConstraint1 {
            }
            <Joint> FKOffsetMiddleToe1_L {
              <Transform> {
                <Matrix4> {
                  0.919907 0.00739176 0.392067 0
                  -0.392136 0.0173391 0.919744 0
                  4.45987e-007 -0.999822 0.0188489 0
                  -0.318249 -0.00384258 -0.203839 1
                }
              }
              <Joint> FKExtraMiddleToe1_L {
                <Joint> FKMiddleToe1_L {
                  <Joint> FKXMiddleToe1_L {
                    <Joint> FKXMiddleToe2_L {
                      <Transform> {
                        <Matrix4> {
                          1 0 0 0
                          0 1 0 0
                          0 0 1 0
                          -0.584037 -3.58076e-011 0 1
                        }
                      }
                    }
                  }
                }
              }
            }
          }
          <Joint> FKParentConstraintFingers_R {
            <Transform> {
              <Matrix4> {
                -0.720348 -0.013055 -0.69349 0
                -0.693548 -5.88701e-005 0.72041 0
                -0.00944578 0.999915 -0.00901186 0
                -2.82267 0.0530585 4.1761 1
              }
            }
            <Group> FKParentConstraintFingers_R_parentConstraint1 {
            }
            <Group> FKOffsetFingers_R {
            }
          }
          <Joint> FKParentConstraintFingers_L {
            <Transform> {
              <Matrix4> {
                -0.720348 0.013055 0.69349 0
                -0.693548 5.88565e-005 -0.72041 0
                -0.00944576 -0.999915 0.00901186 0
                2.82267 0.0530585 4.1761 1
              }
            }
            <Group> FKParentConstraintFingers_L_parentConstraint1 {
            }
            <Group> FKOffsetFingers_L {
            }
          }
          <Joint> RootCenterBtwLegsBlended_M {
            <Transform> {
              <Matrix4> {
                1 0 0 0
                0 1 0 0
                0 0 1 0
                0 0.157435 3.40002 1
              }
            }
            <Group> RootCenterBtwLegsBlended_M_parentConstraint1 {
            }
            <Joint> CenterOffset_M {
              <Joint> CenterExtra_M {
                <Joint> Center_M {
                  <Joint> FKOffsetRoot_M {
                    <Transform> {
                      <Matrix4> {
                        0 0 1 0
                        0 -1 0 0
                        1 0 0 0
                        0 0 0 1
                      }
                    }
                    <Joint> FKExtraRoot_M {
                      <Joint> FKRoot_M {
                        <Joint> HipSwingerGroupRoot_M {
                          <Transform> {
                            <Matrix4> {
                              1 0 0 0
                              0 1 0 0
                              0 0 1 0
                              0.790664 0 0 1
                            }
                          }
                          <Group> HipSwingerGroupRoot_M_orientConstraint1 {
                          }
                          <Joint> FKXRoot_M {
                            <Transform> {
                              <Matrix4> {
                                1 0 0 0
                                0 1 0 0
                                0 0 1 0
                                -0.790664 0 0 1
                              }
                            }
                            <Joint> HipSwingerStabalizeRoot_M {
                              <Transform> {
                                <Matrix4> {
                                  0 0 1 0
                                  0 -1 0 0
                                  1 0 0 0
                                  0.790664 0 0 1
                                }
                              }
                              <Group> HipSwingerStabalizeRoot_M_orientConstraint1 {
                              }
                              <Joint> FKOffsetBackA_M {
                                <Transform> {
                                  <Matrix4> {
                                    0 0 1 0
                                    0 -1 0 0
                                    1 0 0 0
                                    0 0 0 1
                                  }
                                }
                                <Joint> FKExtraBackA_M {
                                  <Joint> FKBackA_M {
                                    <Joint> FKXBackA_M {
                                      <Joint> FKOffsetBackB_M {
                                        <Transform> {
                                          <Matrix4> {
                                            1 0 0 0
                                            0 1 0 0
                                            0 0 1 0
                                            0.790664 0 0 1
                                          }
                                        }
                                        <Joint> FKExtraBackB_M {
                                          <Joint> FKBackB_M {
                                            <Joint> FKXBackB_M {
                                              <Joint> FKOffsetChest_M {
                                                <Transform> {
                                                  <Matrix4> {
                                                    1 0 0 0
                                                    0 1 0 0
                                                    0 0 1 0
                                                    0.688455 0 0 1
                                                  }
                                                }
                                                <Joint> FKExtraChest_M {
                                                  <Joint> FKChest_M {
                                                    <Joint> FKXChest_M {
                                                      <Group> AlignIKToChest_M {
                                                      }
                                                    }
                                                  }
                                                }
                                              }
                                            }
                                          }
                                        }
                                      }
                                    }
                                  }
                                }
                              }
                            }
                          }
                        }
                      }
                    }
                  }
                  <Joint> HipSwingerOffsetRoot_M {
                    <Transform> {
                      <Matrix4> {
                        0 0 1 0
                        0 -1 0 0
                        1 0 0 0
                        -1.95608 0 0.790664 1
                      }
                    }
                  }
                }
              }
            }
          }
        }
        <Joint> IKSystem {
          <Group> IKCrv {
          }
          <Joint> IKParentConstraint {
            <Joint> IKParentConstraintShoulder_R {
              <Transform> {
                <Matrix4> {
                  -0.723529 -8.25944e-009 -0.690294 0
                  -0.690294 -7.1964e-008 0.723529 0
                  -5.56523e-008 1 4.63666e-008 0
                  -0.815346 0.157435 6.095 1
                }
              }
              <Group> IKParentConstraintShoulder_R_parentConstraint1 {
              }
              <Joint> IKOffsetShoulder_R {
                <Transform> {
                  <Matrix4> {
                    0.999503 0.00287973 0.0313977 0
                    -0.00126671 0.998684 -0.0512732 0
                    -0.031504 0.0512079 0.998191 0
                    0.709471 1.07937e-009 0 1
                  }
                }
                <Joint> IKXShoulder_R {
                  <Joint> IKXElbow_R {
                    <Transform> {
                      <Matrix4> {
                        0.988364 0 -0.152109 0
                        0 1 0 0
                        0.152109 0 0.988364 0
                        0.962059 0 0 1
                      }
                    }
                    <Group> PoleAnnotationArm_R {
                    }
                    <Joint> IKXWrist_R {
                      <Transform> {
                        <Matrix4> {
                          0.994169 -0.00509873 0.107713 0
                          -0.000461829 0.998671 0.051536 0
                          -0.107832 -0.0512853 0.992845 0
                          1.11408 0 0 1
                        }
                      }
                      <Group> IKFKAlignedArm_R {
                      }
                      <Group> IKXWrist_R_orientConstraint1 {
                      }
                    }
                    <Joint> effector1 {
                      <Transform> {
                        <Matrix4> {
                          1 0 0 0
                          0 1 0 0
                          0 0 1 0
                          1.11408 0 0 1
                        }
                      }
                      <Scalar> visibility { hidden }
                    }
                  }
                }
              }
            }
            <Joint> IKParentConstraintHip_R {
              <Transform> {
                <Matrix4> {
                  0 0 1 0
                  0 -1 0 0
                  1 0 0 0
                  0 0.157435 3.40002 1
                }
              }
              <Group> IKParentConstraintHip_R_parentConstraint1 {
              }
              <Joint> IKOffsetHip_R {
                <Transform> {
                  <Matrix4> {
                    -0.999855 0.017005 0 0
                    -0.017005 -0.999855 0 0
                    0 0 1 0
                    -0.566686 0.18158 -0.691062 1
                  }
                }
                <Joint> IKXHip_R {
                  <Joint> IKXKnee_R {
                    <Transform> {
                      <Matrix4> {
                        0.994544 0.104314 0 0
                        -0.104314 0.994544 0 0
                        0 0 1 0
                        1.0972 0 0 1
                      }
                    }
                    <Group> PoleAnnotationLeg_R {
                    }
                    <Joint> IKXAnkle_R {
                      <Transform> {
                        <Matrix4> {
                          -0.0873867 -0.996174 0 0
                          0.0187757 -0.00164705 -0.999822 0
                          0.995998 -0.0873712 0.0188478 0
                          1.18045 0 0 1
                        }
                      }
                      <Group> IKFKAlignedLeg_R {
                      }
                      <Group> IKXAnkle_R_orientConstraint1 {
                      }
                      <Joint> IKXMiddleToe1_R {
                        <Transform> {
                          <Matrix4> {
                            0.919907 0.00739176 0.392067 0
                            -0.392136 0.0173391 0.919744 0
                            4.46515e-007 -0.999822 0.0188489 0
                            0.318249 0.00384258 0.203839 1
                          }
                        }
                        <Joint> IKXMiddleToe2_R {
                          <Transform> {
